.Random.seed <-
c(403L, 417L, -1242550691L, 1524496938L, 133565510L, 222491105L, 
56943118L, -1996732407L, -1343274361L, 925747528L, 2040686479L, 
-340126568L, -269601228L, 333478767L, -1267851468L, 208792147L, 
-908408239L, -1824894054L, -1149406543L, -745746402L, -2116627742L, 
-948171907L, -1423697382L, 1778642877L, 1822477251L, 1921881412L, 
-1171011173L, 581549988L, -1529954552L, 638916403L, -408312456L, 
1140828559L, 2123990693L, -678062738L, -1818549755L, 939871218L, 
-1697298306L, 1828048921L, 1335521126L, -737089087L, -1757099825L, 
-602429488L, -1443416153L, -649930224L, -1085894708L, -223382281L, 
595487036L, 1596231115L, 717162217L, 1736262146L, 12884137L, 
2129628022L, 632528906L, 780793477L, 804080994L, 1148556997L, 
-1693481829L, 1713835580L, -1632677181L, 210247801L, -70786339L, 
963330075L, -1161242350L, -919496568L, 2097751586L, 272475996L, 
-930210935L, 1804255115L, 2016032551L, -467218931L, -482940304L, 
-359577870L, -1707018716L, 1700330942L, 552370415L, 2086889845L, 
-149271135L, -1885080873L, -56746306L, -2097017676L, 345005974L, 
-2124375064L, 237114525L, 957889623L, 994162267L, -1808504999L, 
1317319980L, 1331682990L, -412481688L, 1599840890L, -2143451517L, 
999956529L, -1189111131L, 527958179L, -492620006L, 709811472L, 
774951658L, 512356244L, -134629471L, 1610571331L, -2016043281L, 
-1328791483L, 502655592L, 337180170L, -554491908L, -473304010L, 
-804077833L, 1720126989L, 1462135753L, 604501375L, -1082764634L, 
-1350473156L, -2051514050L, 374868768L, -1041005227L, -656629105L, 
887130947L, 1028204433L, 1596321540L, 321933702L, 146273408L, 
-1778538158L, -75482709L, 584073129L, 1219081229L, 14545931L, 
-657674590L, 1351213496L, -2131895854L, 1661954476L, 1455034777L, 
569218715L, 2121743927L, -376985507L, -1164343552L, -394514046L, 
37652788L, 603048558L, 1511313279L, 497222309L, -1850855503L, 
-302334361L, 580384174L, -762492508L, 1264788102L, -1030652840L, 
1758174701L, 948112391L, -1790184469L, -1529498807L, -500579748L, 
-1266267650L, 1501086840L, -1695629142L, -95612973L, -1362669151L, 
218450389L, -651497581L, 296276330L, -1071059264L, -806086310L, 
-1482212956L, -1960711439L, 860111507L, 167555839L, 531424853L, 
-2013229064L, 519560986L, -88554548L, -1640184666L, 892656967L, 
580826621L, -947954151L, -1138496945L, 906302934L, -1634576148L, 
-818184338L, 135339984L, 858480101L, -1880202049L, -1221527149L, 
-1398518207L, 1631301748L, 1730339158L, 127763280L, 1059574786L, 
-1072195397L, 1760730841L, -1740223747L, -1649394757L, 1274310770L, 
686594536L, 421364546L, 565236156L, 1863093865L, 795615275L, 
1101384519L, -2035590291L, -2085674416L, 1858401362L, 2050682308L, 
-2021490210L, -195809393L, 1370989397L, 942085249L, 369194551L, 
1786019486L, -689841132L, -2095373450L, 1102721864L, 557496573L, 
1558376695L, -714963845L, 1123861497L, 578370508L, 1655023694L, 
683628424L, -2033588902L, 753981987L, 293888273L, 1497524421L, 
1090902915L, 1965140410L, 154234800L, -82233526L, -1767622540L, 
-999202303L, -2119322013L, 1280401487L, -69722971L, 1234090184L, 
1019306218L, 1686222684L, 527441110L, -735077929L, -1142826323L, 
1431719593L, 1070741407L, -1681429306L, -1224443108L, 1811683486L, 
-1649197056L, 679329141L, -55213521L, -1246693277L, -74530767L, 
-831848028L, -845929754L, -1766628448L, -1898867470L, 1016317515L, 
522563081L, 1624012973L, -1045538261L, 1945157378L, -197826664L, 
106029298L, -1607711220L, 1960363513L, 1509686715L, -1677390633L, 
-245819075L, 648067552L, -1764376606L, 735423572L, 1068767246L, 
-1931554913L, -1933550203L, -1279183215L, -1006481465L, -689518450L, 
-770927740L, -395886618L, 1696010296L, 1795257165L, 1937065895L, 
17160459L, 1396921449L, 736323196L, 409480990L, 1704130072L, 
187848842L, 1172935155L, -1826040575L, 443219829L, -1569636237L, 
1100517087L, -233579731L, 664012746L, -1044855098L, -1949185202L, 
814261116L, 1498171109L, -1855807503L, 584488361L, 1914400139L, 
-1681046000L, -1868586040L, -661625620L, -2045418578L, 1883326303L, 
2085131935L, 486885067L, -2079056183L, -322285690L, -701414230L, 
-940622798L, 390050376L, -1718669967L, 2074175357L, 445599565L, 
1428311999L, -1445752572L, 1541102308L, 864734808L, -1115683518L, 
1521938227L, -245517549L, 933266647L, -297211051L, 1554585538L, 
-76307442L, 1750360646L, 2128741812L, 1448691565L, -946409671L, 
757277201L, -425782349L, -1848790040L, 437249184L, 152051892L, 
-1475974282L, -1317437801L, -1091893385L, 796463059L, 2045182561L, 
2077897710L, -276484606L, -1316332486L, -441892080L, 489544009L, 
-1896550571L, -1050400475L, 1086134199L, 832910956L, 1294532204L, 
477869840L, 1055999738L, -1983534949L, -662797413L, 954002223L, 
406758781L, 665780922L, -1267446282L, 446779038L, -2097559444L, 
303885877L, 965272737L, 598132281L, 661583323L, -285834656L, 
-628276712L, -1589933348L, 532755102L, 748714319L, 305452207L, 
1463431419L, -398557351L, -2007869738L, 1673687642L, -2030665662L, 
418796024L, -1147777631L, 159681453L, 1967106173L, -2014243921L, 
-1980628012L, -988092428L, -1984493112L, 1706433074L, -1326865917L, 
-1425524061L, -1616402489L, 894346117L, -271887022L, 2056459038L, 
-1946272586L, -1170000572L, -1309204579L, -930728759L, 1366174593L, 
269308387L, 496850776L, -912963184L, 525232132L, -1372487802L, 
-1030584601L, 697281703L, 1147879779L, -1865856687L, -1523367842L, 
1680532946L, -698680662L, -1021288096L, 1590136729L, 790860709L, 
-1056771403L, -1822748153L, -519057828L, 1800334364L, 554137952L, 
1788387338L, 359944715L, -494470837L, 1508849471L, -627616243L, 
-241393750L, 2037208806L, 1007460718L, 2027493980L, 962532805L, 
966445073L, 1325719433L, 361506155L, -1360425872L, -1309614552L, 
855770892L, 933444814L, -1402852417L, -1663343937L, 1979829227L, 
1294959337L, 374746662L, 1455445194L, -1861880622L, -1144335448L, 
507524433L, 443686749L, 1737450925L, -1696501025L, 801298596L, 
713733700L, 1592470584L, 738746786L, -1092508461L, 1420463347L, 
1988082423L, 2057235829L, 1131437538L, 912251054L, 1428861286L, 
-24611116L, -1740181555L, -1270375L, -739944335L, -1612319130L, 
1133828401L, 2002037368L, 1324249205L, -1680665978L, -639632561L, 
-2073923574L, -476168623L, -1246956378L, -1611844887L, -3625476L, 
-1480214243L, -1239209206L, 1483323631L, 951098150L, -1840657283L, 
344888854L, 2096187921L, -863514648L, -164743619L, 1211988574L, 
1395597295L, 1406274650L, 655693185L, -600889042L, 1886925121L, 
295932972L, -804001187L, -1266787950L, 547424695L, 1827159638L, 
809098173L, 2049292774L, 1212919441L, 704810600L, -424283915L, 
-500896026L, -1832436721L, -1046828022L, -231271839L, 1393933366L, 
1792408105L, -328040516L, -606901939L, 1209843210L, -152076801L, 
1541048566L, 1957931501L, -151064442L, -69727391L, 1620318280L, 
2059999037L, -1664312258L, -320403201L, 2028243050L, -949111167L, 
-622029218L, 1483057025L, 833898121L, -1851793296L, -1884404446L, 
1393297125L, -516468471L, 317693394L, -1433476900L, 278026165L, 
1283942473L, 822843332L, 1951824506L, 44954465L, -239474623L, 
-827895134L, -712271808L, -316976935L, 1504888673L, -1161026440L, 
465886626L, 254776149L, -1272940207L, 1434262602L, 262271092L, 
-657642003L, 1032507185L, 1889633236L, 459975018L, -1689467735L, 
1113418553L, -1502546278L, -669498880L, 1697888617L, 44408073L, 
-831764832L, -1358128878L, 219892101L, 310670681L, 2076169250L, 
-1498574580L, 456756741L, 2037898057L, -685462572L, 592852938L, 
-1047551663L, 928531057L, -1842231902L, 1631109056L, 1026989737L, 
1367645521L, 191197944L, -1833388814L, 2135752757L, -1336693871L, 
-28138102L, -2006692940L, 98535885L, -468116447L, 1893717156L, 
-1237300774L, -1175566679L, 256686297L, 1642195274L, 389176608L, 
125742521L, 613617609L, 581915984L, -1761596222L, 188163877L, 
1678463881L, -517806990L, -1070139332L, -1876278443L, 1066551785L, 
504515492L, 1371659610L, 1902702113L, -656698207L, 1539699970L, 
-1181083680L, -1945865287L, 736043297L, -492840136L, 1686278242L, 
-11479531L, -435113935L, 282596106L, 1894473204L, -1607297043L, 
199764497L, -270154284L, 1037629578L, 128880393L, -1262845447L, 
